[gd_scene load_steps=2 format=3 uid="uid://b7blb1fupqebk"]

[ext_resource type="PackedScene" uid="uid://cfjut8r55dn6c" path="res://assets/meshes/obj_torch.tscn" id="1_iafah"]

[node name="Node3D" type="Node3D"]

[node name="obj_torch" parent="." instance=ExtResource("1_iafah")]
transform = Transform3D(1, 0, 0, 0, 0.965926, -0.258819, 0, 0.258819, 0.965926, -8, 3.6, -6)

[node name="obj_torch20" parent="." instance=ExtResource("1_iafah")]
transform = Transform3D(1, 0, 0, 0, 0.965926, -0.258819, 0, 0.258819, 0.965926, 8, 3.6, -6)

[node name="obj_torch21" parent="." instance=ExtResource("1_iafah")]
transform = Transform3D(1, 0, 0, 0, 0.965926, -0.258819, 0, 0.258819, 0.965926, -8, 3.6, -38)

[node name="obj_torch22" parent="." instance=ExtResource("1_iafah")]
transform = Transform3D(1, 0, 0, 0, 0.965926, -0.258819, 0, 0.258819, 0.965926, 8, 3.6, -38)

[node name="obj_torch23" parent="." instance=ExtResource("1_iafah")]
transform = Transform3D(-4.37114e-08, -0.258819, -0.965926, 0, 0.965926, -0.258819, 1, -1.13133e-08, -4.2222e-08, 14, 3.6, -46)

[node name="obj_torch77" parent="." instance=ExtResource("1_iafah")]
transform = Transform3D(1, 8.88178e-16, 7.10543e-15, 2.36828e-16, 0.965926, -0.258819, 3.55271e-15, 0.258819, 0.965926, 5, 3.6, -50)

[node name="obj_torch78" parent="." instance=ExtResource("1_iafah")]
transform = Transform3D(1, 8.88178e-16, 7.10543e-15, 2.36828e-16, 0.965926, -0.258819, 3.55271e-15, 0.258819, 0.965926, 0, 3.6, -58)

[node name="obj_torch79" parent="." instance=ExtResource("1_iafah")]
transform = Transform3D(1, 8.88178e-16, 7.10543e-15, 2.36828e-16, 0.965926, -0.258819, 3.55271e-15, 0.258819, 0.965926, 4, 3.6, -66)

[node name="obj_torch80" parent="." instance=ExtResource("1_iafah")]
transform = Transform3D(1, 8.88178e-16, 7.10543e-15, 2.36828e-16, 0.965926, -0.258819, 3.55271e-15, 0.258819, 0.965926, 12, 3.6, -66)

[node name="obj_torch81" parent="." instance=ExtResource("1_iafah")]
transform = Transform3D(1, 8.88178e-16, 7.10543e-15, 2.36828e-16, 0.965926, -0.258819, 3.55271e-15, 0.258819, 0.965926, 28, 3.6, -70)

[node name="obj_torch104" parent="." instance=ExtResource("1_iafah")]
transform = Transform3D(-1, -2.26267e-08, -8.44439e-08, 2.36828e-16, 0.965926, -0.258819, 8.74228e-08, -0.258819, -0.965926, 34, 3.6, -54)

[node name="obj_torch105" parent="." instance=ExtResource("1_iafah")]
transform = Transform3D(1.31134e-07, -0.258819, -0.965926, -2.36828e-16, 0.965926, -0.258819, 1, 3.394e-08, 1.26666e-07, 50, 3.6, -60)

[node name="obj_torch106" parent="." instance=ExtResource("1_iafah")]
transform = Transform3D(1.31134e-07, -0.258819, -0.965926, -2.36828e-16, 0.965926, -0.258819, 1, 3.394e-08, 1.26666e-07, 70, 3.6, -64)

[node name="obj_torch82" parent="." instance=ExtResource("1_iafah")]
transform = Transform3D(-4.37114e-08, 0.258819, 0.965926, 2.36828e-16, 0.965926, -0.258819, -1, -1.13133e-08, -4.2222e-08, 30, 3.6, -76)

[node name="obj_torch83" parent="." instance=ExtResource("1_iafah")]
transform = Transform3D(1, 8.88178e-16, 3.55271e-15, -1.58819e-22, 0.965926, -0.258819, 3.55271e-15, 0.258819, 0.965926, 48, 3.6, -118)

[node name="obj_torch86" parent="." instance=ExtResource("1_iafah")]
transform = Transform3D(1, 8.88178e-16, 3.55271e-15, -1.58819e-22, 0.965926, -0.258819, 3.55271e-15, 0.258819, 0.965926, 36, 3.6, -118)

[node name="obj_torch122" parent="." instance=ExtResource("1_iafah")]
transform = Transform3D(1, 8.88178e-16, 3.55271e-15, -1.58819e-22, 0.965926, -0.258819, 3.55271e-15, 0.258819, 0.965926, 44, 3.6, -134)

[node name="obj_torch123" parent="." instance=ExtResource("1_iafah")]
transform = Transform3D(1, 8.88178e-16, 3.55271e-15, -1.58819e-22, 0.965926, -0.258819, 3.55271e-15, 0.258819, 0.965926, 24, 3.6, -134)

[node name="obj_torch124" parent="." instance=ExtResource("1_iafah")]
transform = Transform3D(-4.37114e-08, 0.258819, 0.965926, -2.11758e-22, 0.965926, -0.258819, -1, -1.13133e-08, -4.2222e-08, 26, 3.6, -152)

[node name="obj_torch125" parent="." instance=ExtResource("1_iafah")]
transform = Transform3D(1.31134e-07, -0.258819, -0.965926, -2.36828e-16, 0.965926, -0.258819, 1, 3.394e-08, 1.26666e-07, 42, 3.6, -152)

[node name="obj_torch126" parent="." instance=ExtResource("1_iafah")]
transform = Transform3D(-4.37114e-08, 0.258819, 0.965926, 1.71722e-15, 0.965926, -0.258819, -1, -1.13133e-08, -4.22219e-08, 54, 3.6, -144)

[node name="obj_torch129" parent="." instance=ExtResource("1_iafah")]
transform = Transform3D(-4.37114e-08, -0.258819, -0.965926, 1.4804e-15, 0.965926, -0.258819, 1, -1.13133e-08, -4.2222e-08, 66, 3.6, -144)

[node name="obj_torch127" parent="." instance=ExtResource("1_iafah")]
transform = Transform3D(1.31134e-07, -0.258819, -0.965926, 1.4804e-15, 0.965926, -0.258819, 1, 3.394e-08, 1.26666e-07, 14, 3.6, -144)

[node name="obj_torch128" parent="." instance=ExtResource("1_iafah")]
transform = Transform3D(-2.18557e-07, 0.258819, 0.965926, 3.43445e-15, 0.965926, -0.258819, -1, -5.65667e-08, -2.1111e-07, 2, 3.6, -144)

[node name="obj_torch87" parent="." instance=ExtResource("1_iafah")]
transform = Transform3D(1, 8.88178e-16, 3.55271e-15, -1.58819e-22, 0.965926, -0.258819, 3.55271e-15, 0.258819, 0.965926, 24, 3.6, -118)

[node name="obj_torch91" parent="." instance=ExtResource("1_iafah")]
transform = Transform3D(-4.37114e-08, 0.258819, 0.965926, -2.11758e-22, 0.965926, -0.258819, -1, -1.13133e-08, -4.2222e-08, 22, 3.6, -108)

[node name="obj_torch92" parent="." instance=ExtResource("1_iafah")]
transform = Transform3D(-4.37114e-08, 0.258819, 0.965926, -2.11758e-22, 0.965926, -0.258819, -1, -1.13133e-08, -4.2222e-08, 22, 3.6, -92)

[node name="obj_torch93" parent="." instance=ExtResource("1_iafah")]
transform = Transform3D(1.31134e-07, -0.258819, -0.965926, -2.36828e-16, 0.965926, -0.258819, 1, 3.394e-08, 1.26666e-07, 42, 3.6, -92)

[node name="obj_torch95" parent="." instance=ExtResource("1_iafah")]
transform = Transform3D(1.31134e-07, -0.258819, -0.965926, -2.36828e-16, 0.965926, -0.258819, 1, 3.394e-08, 1.26666e-07, 54, 3.6, -96)

[node name="obj_torch94" parent="." instance=ExtResource("1_iafah")]
transform = Transform3D(1.31134e-07, -0.258819, -0.965926, -2.36828e-16, 0.965926, -0.258819, 1, 3.394e-08, 1.26666e-07, 42, 3.6, -108)

[node name="obj_torch88" parent="." instance=ExtResource("1_iafah")]
transform = Transform3D(1, 8.88178e-16, 3.55271e-15, -1.58819e-22, 0.965926, -0.258819, 3.55271e-15, 0.258819, 0.965926, 16, 3.6, -118)

[node name="obj_torch89" parent="." instance=ExtResource("1_iafah")]
transform = Transform3D(1, 8.88178e-16, 3.55271e-15, -1.58819e-22, 0.965926, -0.258819, 3.55271e-15, 0.258819, 0.965926, 4, 3.6, -118)

[node name="obj_torch90" parent="." instance=ExtResource("1_iafah")]
transform = Transform3D(1, 8.88178e-16, 3.55271e-15, -1.58819e-22, 0.965926, -0.258819, 3.55271e-15, 0.258819, 0.965926, -8, 3.6, -118)

[node name="obj_torch84" parent="." instance=ExtResource("1_iafah")]
transform = Transform3D(1, 8.88178e-16, 3.55271e-15, -1.58819e-22, 0.965926, -0.258819, 3.55271e-15, 0.258819, 0.965926, 76, 3.6, -118)

[node name="obj_torch111" parent="." instance=ExtResource("1_iafah")]
transform = Transform3D(-4.37114e-08, -0.258819, -0.965926, -2.11758e-22, 0.965926, -0.258819, 1, -1.13133e-08, -4.2222e-08, 82, 3.6, -94)

[node name="obj_torch112" parent="." instance=ExtResource("1_iafah")]
transform = Transform3D(1.31134e-07, 0.258819, 0.965926, 2.36828e-16, 0.965926, -0.258819, -1, 3.394e-08, 1.26666e-07, 86, 3.6, -93)

[node name="obj_torch113" parent="." instance=ExtResource("1_iafah")]
transform = Transform3D(-2.18557e-07, -0.258819, -0.965926, -1.71722e-15, 0.965926, -0.258819, 1, -5.65667e-08, -2.1111e-07, 126, 3.6, -92)

[node name="obj_torch117" parent="." instance=ExtResource("1_iafah")]
transform = Transform3D(-2.18557e-07, -0.258819, -0.965926, -1.71722e-15, 0.965926, -0.258819, 1, -5.65667e-08, -2.1111e-07, 126, 3.6, -108)

[node name="obj_torch146" parent="." instance=ExtResource("1_iafah")]
transform = Transform3D(-2.18557e-07, -0.258819, -0.965926, -1.71722e-15, 0.965926, -0.258819, 1, -5.65667e-08, -2.1111e-07, 142, 3.6, -112)

[node name="obj_torch118" parent="." instance=ExtResource("1_iafah")]
transform = Transform3D(-2.18557e-07, -0.258819, -0.965926, -1.71722e-15, 0.965926, -0.258819, 1, -5.65667e-08, -2.1111e-07, 126, 3.6, -124)

[node name="obj_torch119" parent="." instance=ExtResource("1_iafah")]
transform = Transform3D(-2.18557e-07, -0.258819, -0.965926, -1.71722e-15, 0.965926, -0.258819, 1, -5.65667e-08, -2.1111e-07, 126, 3.6, -134)

[node name="obj_torch120" parent="." instance=ExtResource("1_iafah")]
transform = Transform3D(-2.18557e-07, -0.258819, -0.965926, -1.71722e-15, 0.965926, -0.258819, 1, -5.65667e-08, -2.1111e-07, 126, 3.6, -144)

[node name="obj_torch121" parent="." instance=ExtResource("1_iafah")]
transform = Transform3D(1, -4.52534e-08, -1.68888e-07, -4.97398e-15, 0.965926, -0.258819, 1.74846e-07, 0.258819, 0.965926, 108, 3.6, -146)

[node name="obj_torch85" parent="." instance=ExtResource("1_iafah")]
transform = Transform3D(1, 8.88178e-16, 3.55271e-15, -1.58819e-22, 0.965926, -0.258819, 3.55271e-15, 0.258819, 0.965926, 64, 3.6, -118)

[node name="obj_torch24" parent="." instance=ExtResource("1_iafah")]
transform = Transform3D(-4.37114e-08, 0.258819, 0.965926, 2.36828e-16, 0.965926, -0.258819, -1, -1.13133e-08, -4.2222e-08, -14, 3.6, -46)

[node name="obj_torch25" parent="." instance=ExtResource("1_iafah")]
transform = Transform3D(-4.37114e-08, 0.258819, 0.965926, 2.36828e-16, 0.965926, -0.258819, -1, -1.13133e-08, -4.2222e-08, -26, 3.6, -36)

[node name="obj_torch26" parent="." instance=ExtResource("1_iafah")]
transform = Transform3D(-1, -2.26267e-08, -8.44439e-08, 8.88178e-16, 0.965926, -0.258819, 8.74228e-08, -0.258819, -0.965926, -36, 3.6, -30)

[node name="obj_torch27" parent="." instance=ExtResource("1_iafah")]
transform = Transform3D(1, 0, 0, 4.14522e-16, 0.965926, -0.258819, 1.42109e-14, 0.258819, 0.965926, -40, 3.6, -46)

[node name="obj_torch28" parent="." instance=ExtResource("1_iafah")]
transform = Transform3D(1, 0, 0, 4.14522e-16, 0.965926, -0.258819, 1.42109e-14, 0.258819, 0.965926, -48, 3.6, -46)

[node name="obj_torch29" parent="." instance=ExtResource("1_iafah")]
transform = Transform3D(1, 0, 0, 4.14522e-16, 0.965926, -0.258819, 1.42109e-14, 0.258819, 0.965926, -60, 3.6, -46)

[node name="obj_torch30" parent="." instance=ExtResource("1_iafah")]
transform = Transform3D(1, 0, 0, 4.14522e-16, 0.965926, -0.258819, 1.42109e-14, 0.258819, 0.965926, -76, 3.6, -46)

[node name="obj_torch32" parent="." instance=ExtResource("1_iafah")]
transform = Transform3D(-4.37114e-08, 0.258819, 0.965926, 4.14522e-16, 0.965926, -0.258819, -1, -1.13133e-08, -4.2222e-08, -82, 3.6, -52)

[node name="obj_torch33" parent="." instance=ExtResource("1_iafah")]
transform = Transform3D(-1, -2.26267e-08, -8.44439e-08, 1.06587e-15, 0.965926, -0.258819, 8.74228e-08, -0.258819, -0.965926, -84, 3.6, -54)

[node name="obj_torch34" parent="." instance=ExtResource("1_iafah")]
transform = Transform3D(-1, -2.26267e-08, -8.44439e-08, 1.06587e-15, 0.965926, -0.258819, 8.74228e-08, -0.258819, -0.965926, -76, 3.6, -54)

[node name="obj_torch35" parent="." instance=ExtResource("1_iafah")]
transform = Transform3D(-1, -2.26267e-08, -8.44439e-08, 1.06587e-15, 0.965926, -0.258819, 8.74228e-08, -0.258819, -0.965926, -56, 3.6, -54)

[node name="obj_torch36" parent="." instance=ExtResource("1_iafah")]
transform = Transform3D(1.31134e-07, -0.258819, -0.965926, 5.92216e-16, 0.965926, -0.258819, 1, 3.394e-08, 1.26666e-07, -50, 3.6, -75)

[node name="obj_torch66" parent="." instance=ExtResource("1_iafah")]
transform = Transform3D(1.31134e-07, -0.258819, -0.965926, 5.92216e-16, 0.965926, -0.258819, 1, 3.394e-08, 1.26666e-07, -38, 3.6, -72)

[node name="obj_torch96" parent="." instance=ExtResource("1_iafah")]
transform = Transform3D(-1, -2.26267e-08, -8.44439e-08, 2.54627e-15, 0.965926, -0.258819, 8.74227e-08, -0.258819, -0.965926, -30, 3.6, -70)

[node name="obj_torch97" parent="." instance=ExtResource("1_iafah")]
transform = Transform3D(1, 4.52534e-08, 1.68888e-07, 2.07261e-15, 0.965926, -0.258819, -1.74846e-07, 0.258819, 0.965926, -30, 3.6, -90)

[node name="obj_torch98" parent="." instance=ExtResource("1_iafah")]
transform = Transform3D(1.31134e-07, -0.258819, -0.965926, 1.77986e-16, 0.965926, -0.258819, 1, 3.394e-08, 1.26666e-07, -6, 3.6, -88)

[node name="obj_torch99" parent="." instance=ExtResource("1_iafah")]
transform = Transform3D(-1, -2.26267e-08, -8.44439e-08, 2.13204e-15, 0.965926, -0.258819, 8.74228e-08, -0.258819, -0.965926, 8, 3.6, -82)

[node name="obj_torch100" parent="." instance=ExtResource("1_iafah")]
transform = Transform3D(-1, -2.26267e-08, -8.44439e-08, 2.13204e-15, 0.965926, -0.258819, 8.74228e-08, -0.258819, -0.965926, 20, 3.6, -82)

[node name="obj_torch101" parent="." instance=ExtResource("1_iafah")]
transform = Transform3D(-1, -2.26267e-08, -8.44439e-08, 2.13204e-15, 0.965926, -0.258819, 8.74228e-08, -0.258819, -0.965926, 44, 3.6, -82)

[node name="obj_torch102" parent="." instance=ExtResource("1_iafah")]
transform = Transform3D(-1, -2.26267e-08, -8.44439e-08, 2.13204e-15, 0.965926, -0.258819, 8.74228e-08, -0.258819, -0.965926, 60, 3.6, -82)

[node name="obj_torch103" parent="." instance=ExtResource("1_iafah")]
transform = Transform3D(1.31134e-07, -0.258819, -0.965926, 1.65838e-15, 0.965926, -0.258819, 1, 3.394e-08, 1.26666e-07, 66, 3.6, -88)

[node name="obj_torch107" parent="." instance=ExtResource("1_iafah")]
transform = Transform3D(1.31134e-07, -0.258819, -0.965926, 1.65838e-15, 0.965926, -0.258819, 1, 3.394e-08, 1.26666e-07, 66, 3.6, -76)

[node name="obj_torch108" parent="." instance=ExtResource("1_iafah")]
transform = Transform3D(-1, -2.26267e-08, -8.44439e-08, 3.61243e-15, 0.965926, -0.258819, 8.74228e-08, -0.258819, -0.965926, 92, 3.6, -70)

[node name="obj_torch109" parent="." instance=ExtResource("1_iafah")]
transform = Transform3D(1.31134e-07, -0.258819, -0.965926, 3.13878e-15, 0.965926, -0.258819, 1, 3.394e-08, 1.26666e-07, 130, 3.6, -70)

[node name="obj_torch114" parent="." instance=ExtResource("1_iafah")]
transform = Transform3D(-1, -2.26267e-08, -8.44439e-08, 5.09283e-15, 0.965926, -0.258819, 8.74228e-08, -0.258819, -0.965926, 133, 3.6, -78)

[node name="obj_torch115" parent="." instance=ExtResource("1_iafah")]
transform = Transform3D(-2.18557e-07, 0.258819, 0.965926, 6.57322e-15, 0.965926, -0.258819, -1, -5.65667e-08, -2.1111e-07, 134, 3.6, -88)

[node name="obj_torch116" parent="." instance=ExtResource("1_iafah")]
transform = Transform3D(1, 4.52534e-08, 1.68888e-07, 9.82997e-15, 0.965926, -0.258819, -1.74846e-07, 0.258819, 0.965926, 132, 3.6, -98)

[node name="obj_torch110" parent="." instance=ExtResource("1_iafah")]
transform = Transform3D(1.31134e-07, -0.258819, -0.965926, 3.13878e-15, 0.965926, -0.258819, 1, 3.394e-08, 1.26666e-07, 130, 3.6, -56)

[node name="obj_torch67" parent="." instance=ExtResource("1_iafah")]
transform = Transform3D(1.31134e-07, -0.258819, -0.965926, 5.92216e-16, 0.965926, -0.258819, 1, 3.394e-08, 1.26666e-07, -38, 3.6, -84)

[node name="obj_torch68" parent="." instance=ExtResource("1_iafah")]
transform = Transform3D(-2.18557e-07, 0.258819, 0.965926, 2.54627e-15, 0.965926, -0.258819, -1, -5.65667e-08, -2.1111e-07, -42, 3.6, -92)

[node name="obj_torch69" parent="." instance=ExtResource("1_iafah")]
transform = Transform3D(3.0598e-07, -0.258819, -0.965926, 5.80302e-15, 0.965926, -0.258819, 1, 7.91934e-08, 2.95554e-07, -42, 3.6, -124)

[node name="obj_torch70" parent="." instance=ExtResource("1_iafah")]
transform = Transform3D(1, 9.05067e-08, 3.37776e-07, 3.25704e-15, 0.965926, -0.258819, -3.49691e-07, 0.258819, 0.965926, -40, 3.6, -158)

[node name="obj_torch71" parent="." instance=ExtResource("1_iafah")]
transform = Transform3D(1, 9.05067e-08, 3.37776e-07, 3.25704e-15, 0.965926, -0.258819, -3.49691e-07, 0.258819, 0.965926, -32, 3.6, -158)

[node name="obj_torch72" parent="." instance=ExtResource("1_iafah")]
transform = Transform3D(1, 9.05067e-08, 3.37776e-07, 3.25704e-15, 0.965926, -0.258819, -3.49691e-07, 0.258819, 0.965926, -36, 3.6, -170)

[node name="obj_torch73" parent="." instance=ExtResource("1_iafah")]
transform = Transform3D(1, 4.52534e-08, 1.68888e-07, 2.0732e-15, 0.965926, -0.258819, -1.74846e-07, 0.258819, 0.965926, -34, 3.6, -190)

[node name="obj_torch74" parent="." instance=ExtResource("1_iafah")]
transform = Transform3D(-2.18557e-07, 0.258819, 0.965926, 1.12588e-15, 0.965926, -0.258819, -1, -5.65667e-08, -2.1111e-07, -34, 3.6, -172)

[node name="obj_torch75" parent="." instance=ExtResource("1_iafah")]
transform = Transform3D(-1, -6.788e-08, -2.53332e-07, 4.38264e-15, 0.965926, -0.258819, 2.62268e-07, -0.258819, -0.965926, -36, 3.6, -174)

[node name="obj_torch76" parent="." instance=ExtResource("1_iafah")]
transform = Transform3D(-1, -6.788e-08, -2.53332e-07, 4.38264e-15, 0.965926, -0.258819, 2.62268e-07, -0.258819, -0.965926, -44, 3.6, -174)

[node name="obj_torch38" parent="." instance=ExtResource("1_iafah")]
transform = Transform3D(1, 4.52534e-08, 1.68888e-07, 2.54627e-15, 0.965926, -0.258819, -1.74846e-07, 0.258819, 0.965926, -56, 3.6, -90)

[node name="obj_torch40" parent="." instance=ExtResource("1_iafah")]
transform = Transform3D(1, 4.52534e-08, 1.68888e-07, 2.54627e-15, 0.965926, -0.258819, -1.74846e-07, 0.258819, 0.965926, -64, 3.6, -102)

[node name="obj_torch41" parent="." instance=ExtResource("1_iafah")]
transform = Transform3D(1, 4.52534e-08, 1.68888e-07, 2.54627e-15, 0.965926, -0.258819, -1.74846e-07, 0.258819, 0.965926, -76, 3.6, -106)

[node name="obj_torch42" parent="." instance=ExtResource("1_iafah")]
transform = Transform3D(1, 4.52534e-08, 1.68888e-07, 2.54627e-15, 0.965926, -0.258819, -1.74846e-07, 0.258819, 0.965926, -80, 3.6, -158)

[node name="obj_torch43" parent="." instance=ExtResource("1_iafah")]
transform = Transform3D(1, 4.52534e-08, 1.68888e-07, 2.54627e-15, 0.965926, -0.258819, -1.74846e-07, 0.258819, 0.965926, -64, 3.6, -158)

[node name="obj_torch44" parent="." instance=ExtResource("1_iafah")]
transform = Transform3D(-1, -2.26267e-08, -8.44439e-08, 1.59895e-15, 0.965926, -0.258819, 8.74227e-08, -0.258819, -0.965926, -64, 3.6, -130)

[node name="obj_torch46" parent="." instance=ExtResource("1_iafah")]
transform = Transform3D(-4.37114e-08, 0.258819, 0.965926, 2.90165e-15, 0.965926, -0.258819, -1, -1.13133e-08, -4.2222e-08, -94, 3.6, -156)

[node name="obj_torch47" parent="." instance=ExtResource("1_iafah")]
transform = Transform3D(1.31134e-07, -0.258819, -0.965926, 3.553e-15, 0.965926, -0.258819, 1, 3.394e-08, 1.26666e-07, -90, 3.6, -164)

[node name="obj_torch48" parent="." instance=ExtResource("1_iafah")]
transform = Transform3D(1.31134e-07, -0.258819, -0.965926, 3.553e-15, 0.965926, -0.258819, 1, 3.394e-08, 1.26666e-07, -58, 3.6, -168)

[node name="obj_torch49" parent="." instance=ExtResource("1_iafah")]
transform = Transform3D(1.31134e-07, -0.258819, -0.965926, 3.553e-15, 0.965926, -0.258819, 1, 3.394e-08, 1.26666e-07, -58, 3.6, -188)

[node name="obj_torch50" parent="." instance=ExtResource("1_iafah")]
transform = Transform3D(1, 4.52534e-08, 1.68888e-07, 5.50706e-15, 0.965926, -0.258819, -1.74846e-07, 0.258819, 0.965926, -44, 3.6, -190)

[node name="obj_torch51" parent="." instance=ExtResource("1_iafah")]
transform = Transform3D(-1, -2.26267e-08, -8.44439e-08, 1.00665e-14, 0.965926, -0.258819, 8.74227e-08, -0.258819, -0.965926, -12, 3.6, -178)

[node name="obj_torch52" parent="." instance=ExtResource("1_iafah")]
transform = Transform3D(1.31134e-07, -0.258819, -0.965926, 1.31456e-14, 0.965926, -0.258819, 1, 3.394e-08, 1.26666e-07, 18, 3.6, -184)

[node name="obj_torch54" parent="." instance=ExtResource("1_iafah")]
transform = Transform3D(-4.37114e-08, 0.258819, 0.965926, 1.50996e-14, 0.965926, -0.258819, -1, -1.13133e-08, -4.2222e-08, 10, 3.6, -176)

[node name="obj_torch55" parent="." instance=ExtResource("1_iafah")]
transform = Transform3D(-1, -2.26267e-08, -8.44439e-08, 1.5751e-14, 0.965926, -0.258819, 8.74227e-08, -0.258819, -0.965926, 16, 3.6, -162)

[node name="obj_torch56" parent="." instance=ExtResource("1_iafah")]
transform = Transform3D(-1, -2.26267e-08, -8.44439e-08, 1.5751e-14, 0.965926, -0.258819, 8.74227e-08, -0.258819, -0.965926, 32, 3.6, -162)

[node name="obj_torch57" parent="." instance=ExtResource("1_iafah")]
transform = Transform3D(1, 5.32907e-15, -7.10543e-15, 1.52773e-14, 0.965926, -0.258819, 2.84217e-14, 0.258819, 0.965926, 32, 3.6, -174)

[node name="obj_torch58" parent="." instance=ExtResource("1_iafah")]
transform = Transform3D(-1, -2.26267e-08, -8.44439e-08, 1.52773e-14, 0.965926, -0.258819, 8.74227e-08, -0.258819, -0.965926, 40, 3.6, -178)

[node name="obj_torch60" parent="." instance=ExtResource("1_iafah")]
transform = Transform3D(1, 3.55271e-15, -7.10543e-15, 1.658e-14, 0.965926, -0.258819, 3.55271e-14, 0.258819, 0.965926, 40, 3.6, -230)

[node name="obj_torch61" parent="." instance=ExtResource("1_iafah")]
transform = Transform3D(1, 3.55271e-15, -7.10543e-15, 1.658e-14, 0.965926, -0.258819, 3.55271e-14, 0.258819, 0.965926, 32, 3.6, -230)

[node name="obj_torch62" parent="." instance=ExtResource("1_iafah")]
transform = Transform3D(-4.37114e-08, -0.258819, -0.965926, 1.658e-14, 0.965926, -0.258819, 1, -1.13133e-08, -4.2222e-08, 50, 3.6, -208)

[node name="obj_torch63" parent="." instance=ExtResource("1_iafah")]
transform = Transform3D(-4.37114e-08, -0.258819, -0.965926, 1.658e-14, 0.965926, -0.258819, 1, -1.13133e-08, -4.2222e-08, 50, 3.6, -216)

[node name="obj_torch64" parent="." instance=ExtResource("1_iafah")]
transform = Transform3D(1.31134e-07, 0.258819, 0.965926, 1.68168e-14, 0.965926, -0.258819, -1, 3.394e-08, 1.26666e-07, 22, 3.6, -216)

[node name="obj_torch65" parent="." instance=ExtResource("1_iafah")]
transform = Transform3D(1.31134e-07, 0.258819, 0.965926, 1.68168e-14, 0.965926, -0.258819, -1, 3.394e-08, 1.26666e-07, 22, 3.6, -208)

[node name="obj_torch59" parent="." instance=ExtResource("1_iafah")]
transform = Transform3D(-1, -2.26267e-08, -8.44439e-08, 1.52773e-14, 0.965926, -0.258819, 8.74227e-08, -0.258819, -0.965926, 32, 3.6, -178)

[node name="obj_torch53" parent="." instance=ExtResource("1_iafah")]
transform = Transform3D(1, 4.52534e-08, 1.68888e-07, 1.50996e-14, 0.965926, -0.258819, -1.74846e-07, 0.258819, 0.965926, 0, 3.6, -186)

[node name="obj_torch45" parent="." instance=ExtResource("1_iafah")]
transform = Transform3D(-1, -2.26267e-08, -8.44439e-08, 1.59895e-15, 0.965926, -0.258819, 8.74227e-08, -0.258819, -0.965926, -72, 3.6, -130)

[node name="obj_torch39" parent="." instance=ExtResource("1_iafah")]
transform = Transform3D(1, 4.52534e-08, 1.68888e-07, 2.54627e-15, 0.965926, -0.258819, -1.74846e-07, 0.258819, 0.965926, -80, 3.6, -90)

[node name="obj_torch37" parent="." instance=ExtResource("1_iafah")]
transform = Transform3D(1.31134e-07, -0.258819, -0.965926, 5.92216e-16, 0.965926, -0.258819, 1, 3.394e-08, 1.26666e-07, -50, 3.6, -69)

[node name="obj_torch31" parent="." instance=ExtResource("1_iafah")]
transform = Transform3D(-1, 2.26267e-08, 8.44439e-08, 4.14522e-16, 0.965926, -0.258819, -8.74228e-08, -0.258819, -0.965926, -76, 3.6, -34)

[node name="obj_torch2" parent="." instance=ExtResource("1_iafah")]
transform = Transform3D(-4.37114e-08, 0.258819, 0.965926, -1.77636e-15, 0.965926, -0.258819, -1, -1.13133e-08, -4.2222e-08, -6, 3.6, 7)

[node name="obj_torch19" parent="." instance=ExtResource("1_iafah")]
transform = Transform3D(1.31134e-07, -0.258819, -0.965926, -2.66454e-15, 0.965926, -0.258819, 1, 3.394e-08, 1.26666e-07, 6, 3.6, 7)

[node name="obj_torch3" parent="." instance=ExtResource("1_iafah")]
transform = Transform3D(1, 4.52534e-08, 1.68888e-07, -1.77636e-15, 0.965926, -0.258819, -1.74846e-07, 0.258819, 0.965926, 113, 3.6, -34)

[node name="obj_torch4" parent="." instance=ExtResource("1_iafah")]
transform = Transform3D(-1, -2.26267e-08, -8.44439e-08, -8.88178e-15, 0.965926, -0.258819, 8.74227e-08, -0.258819, -0.965926, 113, 3.6, -18)

[node name="obj_torch7" parent="." instance=ExtResource("1_iafah")]
transform = Transform3D(1, 4.52534e-08, 1.68888e-07, -1.77636e-15, 0.965926, -0.258819, -1.74846e-07, 0.258819, 0.965926, 40, 3.6, -30)

[node name="obj_torch8" parent="." instance=ExtResource("1_iafah")]
transform = Transform3D(-1, -2.26267e-08, -8.44439e-08, -8.88178e-15, 0.965926, -0.258819, 8.74227e-08, -0.258819, -0.965926, 40, 3.6, -10)

[node name="obj_torch9" parent="." instance=ExtResource("1_iafah")]
transform = Transform3D(-1, -2.26267e-08, -8.44439e-08, -8.88178e-15, 0.965926, -0.258819, 8.74227e-08, -0.258819, -0.965926, 60, 3.6, -6)

[node name="obj_torch10" parent="." instance=ExtResource("1_iafah")]
transform = Transform3D(-1, -2.26267e-08, -8.44439e-08, -8.88178e-15, 0.965926, -0.258819, 8.74227e-08, -0.258819, -0.965926, 76, 3.6, -6)

[node name="obj_torch11" parent="." instance=ExtResource("1_iafah")]
transform = Transform3D(-1, -2.26267e-08, -8.44439e-08, -8.88178e-15, 0.965926, -0.258819, 8.74227e-08, -0.258819, -0.965926, 60, 3.6, -22)

[node name="obj_torch12" parent="." instance=ExtResource("1_iafah")]
transform = Transform3D(-1, -2.26267e-08, -8.44439e-08, -8.88178e-15, 0.965926, -0.258819, 8.74227e-08, -0.258819, -0.965926, 76, 3.6, -22)

[node name="obj_torch13" parent="." instance=ExtResource("1_iafah")]
transform = Transform3D(-1, -2.26267e-08, -8.44439e-08, -8.88178e-15, 0.965926, -0.258819, 8.74227e-08, -0.258819, -0.965926, 60, 3.6, -34)

[node name="obj_torch14" parent="." instance=ExtResource("1_iafah")]
transform = Transform3D(-1, -2.26267e-08, -8.44439e-08, -8.88178e-15, 0.965926, -0.258819, 8.74227e-08, -0.258819, -0.965926, 76, 3.6, -34)

[node name="obj_torch15" parent="." instance=ExtResource("1_iafah")]
transform = Transform3D(-1, -2.26267e-08, -8.44439e-08, -8.88178e-15, 0.965926, -0.258819, 8.74227e-08, -0.258819, -0.965926, 60, 3.6, -46)

[node name="obj_torch16" parent="." instance=ExtResource("1_iafah")]
transform = Transform3D(-1, -2.26267e-08, -8.44439e-08, -8.88178e-15, 0.965926, -0.258819, 8.74227e-08, -0.258819, -0.965926, 76, 3.6, -46)

[node name="obj_torch17" parent="." instance=ExtResource("1_iafah")]
transform = Transform3D(1, 2.66454e-14, 0, -1.06581e-14, 0.965926, -0.258819, 3.55271e-14, 0.258819, 0.965926, 76, 3.6, -58)

[node name="obj_torch18" parent="." instance=ExtResource("1_iafah")]
transform = Transform3D(1, 2.66454e-14, 0, -1.06581e-14, 0.965926, -0.258819, 3.55271e-14, 0.258819, 0.965926, 60, 3.6, -58)

[node name="obj_torch5" parent="." instance=ExtResource("1_iafah")]
transform = Transform3D(1, 4.52534e-08, 1.68888e-07, -1.77636e-15, 0.965926, -0.258819, -1.74846e-07, 0.258819, 0.965926, 88, 3.6, -166)

[node name="obj_torch130" parent="." instance=ExtResource("1_iafah")]
transform = Transform3D(-2.18557e-07, 0.258819, 0.965926, -8.88178e-15, 0.965926, -0.258819, -1, -5.65667e-08, -2.1111e-07, 94, 3.6, -168)

[node name="obj_torch131" parent="." instance=ExtResource("1_iafah")]
transform = Transform3D(-2.18557e-07, 0.258819, 0.965926, -8.88178e-15, 0.965926, -0.258819, -1, -5.65667e-08, -2.1111e-07, 94, 3.6, -184)

[node name="obj_torch132" parent="." instance=ExtResource("1_iafah")]
transform = Transform3D(-2.18557e-07, 0.258819, 0.965926, -8.88178e-15, 0.965926, -0.258819, -1, -5.65667e-08, -2.1111e-07, 86, 3.6, -180)

[node name="obj_torch133" parent="." instance=ExtResource("1_iafah")]
transform = Transform3D(-2.18557e-07, 0.258819, 0.965926, -8.88178e-15, 0.965926, -0.258819, -1, -5.65667e-08, -2.1111e-07, 86, 3.6, -192)

[node name="obj_torch134" parent="." instance=ExtResource("1_iafah")]
transform = Transform3D(1, 4.52534e-08, 1.68888e-07, -8.88178e-15, 0.965926, -0.258819, -1.74846e-07, 0.258819, 0.965926, 92, 3.6, -202)

[node name="obj_torch135" parent="." instance=ExtResource("1_iafah")]
transform = Transform3D(1, 4.52534e-08, 1.68888e-07, -8.88178e-15, 0.965926, -0.258819, -1.74846e-07, 0.258819, 0.965926, 104, 3.6, -202)

[node name="obj_torch136" parent="." instance=ExtResource("1_iafah")]
transform = Transform3D(1, 4.52534e-08, 1.68888e-07, -8.88178e-15, 0.965926, -0.258819, -1.74846e-07, 0.258819, 0.965926, 116, 3.6, -202)

[node name="obj_torch137" parent="." instance=ExtResource("1_iafah")]
transform = Transform3D(1, 4.52534e-08, 1.68888e-07, -8.88178e-15, 0.965926, -0.258819, -1.74846e-07, 0.258819, 0.965926, 128, 3.6, -202)

[node name="obj_torch138" parent="." instance=ExtResource("1_iafah")]
transform = Transform3D(-2.18557e-07, 0.258819, 0.965926, -1.24345e-14, 0.965926, -0.258819, -1, -5.65667e-08, -2.1111e-07, 134, 3.6, -188)

[node name="obj_torch139" parent="." instance=ExtResource("1_iafah")]
transform = Transform3D(-2.18557e-07, 0.258819, 0.965926, -1.24345e-14, 0.965926, -0.258819, -1, -5.65667e-08, -2.1111e-07, 134, 3.6, -176)

[node name="obj_torch140" parent="." instance=ExtResource("1_iafah")]
transform = Transform3D(-2.18557e-07, 0.258819, 0.965926, -1.24345e-14, 0.965926, -0.258819, -1, -5.65667e-08, -2.1111e-07, 134, 3.6, -168)

[node name="obj_torch141" parent="." instance=ExtResource("1_iafah")]
transform = Transform3D(-2.18557e-07, 0.258819, 0.965926, -1.24345e-14, 0.965926, -0.258819, -1, -5.65667e-08, -2.1111e-07, 134, 3.6, -160)

[node name="obj_torch142" parent="." instance=ExtResource("1_iafah")]
transform = Transform3D(-1, -6.788e-08, -2.53332e-07, -1.24345e-14, 0.965926, -0.258819, 2.62268e-07, -0.258819, -0.965926, 136, 3.6, -146)

[node name="obj_torch143" parent="." instance=ExtResource("1_iafah")]
transform = Transform3D(-2.18557e-07, 0.258819, 0.965926, -1.95399e-14, 0.965926, -0.258819, -1, -5.65667e-08, -2.1111e-07, 134, 3.6, -136)

[node name="obj_torch144" parent="." instance=ExtResource("1_iafah")]
transform = Transform3D(1, 9.05067e-08, 3.37776e-07, -2.66454e-14, 0.965926, -0.258819, -3.49691e-07, 0.258819, 0.965926, 144, 3.6, -130)

[node name="obj_torch145" parent="." instance=ExtResource("1_iafah")]
transform = Transform3D(1, 9.05067e-08, 3.37776e-07, -2.66454e-14, 0.965926, -0.258819, -3.49691e-07, 0.258819, 0.965926, 140, 3.6, -122)

[node name="obj_torch6" parent="." instance=ExtResource("1_iafah")]
transform = Transform3D(-1, -6.788e-08, -2.53332e-07, -8.88178e-15, 0.965926, -0.258819, 2.62268e-07, -0.258819, -0.965926, 88, 3.6, -154)
